35035
35035035
72225035
27820035
67070035
8600035
7480035
72660035
67760035
7245035
35190035
29695035
65535035
53840035
13110035
73055035
67700035
46010035
84310035
63490035
82905035
41200035
15030035
17755035
76100035
50985035
22295035
72910035
21465035
33030035
42525035
56085035
85280035
45840035
13075035
38055035
30510035
90415035
45060035
23195035
84025035
74785035
19930035
78270035
48155035
56480035
85220035
84605035
62195035
71850035
47880035
77775035
46980035
66660035
92425035
79760035
56680035
87690035
85480035
48310035
13950035
24170035
71375035
66705035
38660035
42920035
56025035
25280035
94960035
46870035
55425035
17870035
92335035
88525035
31595035
89000035
12770035
29350035
16830035
39985035
83975035
24785035
93785035
57050035
62630035
13025035
86820035
5600035
69195035
59535035
78505035
85625035
94545035
26930035
65955035
78780035
64330035
34020035
44875035
35725035
70870035
55530035
24105035
6375035
54075035
50580035
12355035
9410035
27360035
2130035
55970035
69045035
8300035
3775035
21965035
39205035
94095035
70755035
39295035
85330035
95840035
37985035
59275035
16035035
35105035
43460035
3435035
77025035
87100035
88070035
70420035
590035
96210035
12925035
85585035
54545035
26755035
88485035
90360035
88825035
35300035
40930035
41325035
41265035
80030035
30385035
64180035
81550035
68910035
70830035
15530035
23930035
28905035
65655035
75075035
13635035
5465035
32960035
71290035
80470035
75325035
66105035
31250035
40295035
97680035
1450035
67325035
66070035
95015035
3105035
43320035
60965035
27030035
67190035
29835035
8005035
5070035
33020035
32525035
31350035
41530035
48735035
43890035
38375035
54215035
91815035
62350035
29320035
85595035
64545035
51490035
33470035
87465035
58010035
34980035
17225035
39925035
23975035
73905035
28815035
74420035
49990035
14945035
31520035
14000035
74170035
96285035
87925035
24185035
86375035
54425035
5520035
87960035
59185035
24800035
10020035
44770035
29490035
58065035
89980035
5120035
83020035
57435035
52570035
27055035
92190035
42290035
18615035
47215035
5365035
31725035
21470035
38030035
5510035
77960035
34450035
79815035
12915035
75585035
29810035
81770035
91380035
22410035
89145035
59005035
42330035
58615035
47390035
81600035
20145035
95740035
36750035
9455035
72360035
64055035
55315035
6635035
17780035
2335035
63440035
32905035
16290035
92575035
32230035
32645035
52585035
42055035
79910035
9150035
63655035
50375035
4885035
45550035
19370035
12095035
45705035
75605035
49810035
32475035
80115035
16620035
27515035
58365035
93685035
55815035
12810035
69350035
17005035
17455035
72395035
290035
92505035
60995035
57030035
42630035
62320035
98085035
11390035
32060035
60175035
27150035
88425035
30360035
39180035
69095035
58300035
28685035
43185035
24730035
38785035
69155035
19535035
78330035
9390035
7360035
51425035
67235035
74835035
69930035
4415035
69375035
42005035
29910035
83005035
42435035
64850035
60195035
47150035
39130035
19095035
33390035
7465035
57660035
80040035
40385035
88915035
26535035
66015035
40015035
15210035
225035
27505035
48365035
68950035
12065035
15705035
1400035
17325035
41160035
73795035
17580035
98630035
62565035
46790035
74190035
17520035
38630035
12920035
80585035
91560035
4880035
40550035
56385035
88985035
96535035
41630035
49970035
93710035
80815035
25265035
79960035
59150035
88565035
71595035
89175035
89005035
17770035
91100035
38705035
87920035
19185035
24625035
32550035
56350035
53985035
59345035
86035035
10720035
53415035
81935035
58850035
84860035
20900035
60620035
77090035
53335035
1935035
58500035
31155035
44060035
10845035
79650035
45445035
13135035
98055035
80155035
56620035
27690035
35835035
82105035
31320035
11530035
73295035
11405035
47060035
47895035
92775035
34700035
33520035
38700035
82920035
56200035
2750035
83380035
22375035
54145035
21815035
86735035
19365035
7095035
82720035
53730035
1875035
97265035
80275035
77855035
28215035
67010035
47365035
56600035
7690035
85130035
93370035
37110035
73160035
73935035
58815035
49860035
82475035
6260035
37840035
13040035
3055035
92085035
36055035
5810035
81665035
85145035
9605035
24830035
40020035
20210035
61975035
49380035
96300035
4160035
11905035
53235035
700035
8680035
87480035
73010035
22700035
82850035
84965035
27135035
73425035
42640035
72320035
24055035
55140035
29165035
29360035
26830035
64720035
28960035
21890035
62970035
56730035
38925035
11625035
69530035
98240035
67625035
69775035
46945035
31660035
55235035
25400035
17430035
47395035
86600035
81895035
18850035
84685035
43430035
72200035
2820035
54615035
96755035
64100035
1550035
68560035
17125035
38690035
72920035
31465035
57765035
86275035
53190035
54465035
45520035
88135035
36655035
13220035
84290035
43490035
33435035
52465035
20820035
79385035
76740035
98395035
25095035
8725035
33715035
36170035
22045035
20440035
94445035
25695035
16135035
36340035
93280035
45875035
48075035
75245035
84870035
30900035
85355035
22075035
50440035
69885035
58180035
7450035
42660035
92320035
73525035
43875035
23375035
66495035
26190035
17310035
26160035
86075035
50720035
53590035
59405035
47270035
60365035
19620035
64565035
71490035
82940035
76200035
52220035
72115035
16585035
91280035
21175035
39325035
16565035
71280035
70470035
50590035
22355035
34145035
71110035
98000035
25155035
68725035
83360035
2375035
4675035
33080035
92525035
80995035
7735035
31365035
56530035
36455035
10750035
83415035
57375035
91335035
76175035
27220035
59660035
5975035
49135035
48830035
40125035
26445035
74780035
14930035
16520035
26280035
8545035
51245035
84765035
24665035
72550035
56525035
31455035
47765035
61540035
9440035
57360035
76335035
88455035
60360035
14620035
2815035
49615035
35005035
42225035
52380035
34585035
17285035
1160035
73620035
40110035
11445035
87060035
48070035
70245035
23120035
9025035
37420035
86865035
50600035
32355035
58880035
16095035
95105035
93105035
68405035
59655035
975035
86150035
26955035
90955035
91235035
74940035
76165035
17220035
34925035
60990035
52030035
79645035
40445035
50150035
76180035
32220035
22645035
27850035
97070035
82805035
39965035
63975035
74080035
6285035
62840035
25495035
13665035
35465035
8400035
5010035
71785035
81645035
65145035
58900035
36095035
45810035
81840035
62615035
96790035
335035
38740035
24155035
56375035
78985035
71800035
96645035
52865035
25760035
81135035
48970035
81360035
76440035
94690035
73165035
78935035
21800035
71735035
31645035
40235035
37680035
50570035
2355035
83440035
82375035
5025035
86785035
69365035
32005035
5175035
39255035
45330035
95665035
60515035
70855035
40530035
36385035
39515035
9035035
47420035
12835035
94350035
29460035
28065035
15775035
71400035
91705035
51115035
53530035
98170035
96390035
94160035
36990035
51925035
73410035
27640035
84600035
57195035
10100035
26005035
29840035
13005035
66820035
54895035
80460035
65325035
41370035
86265035
43190035
29730035
1770035
91030035
67470035
13540035
9230035
44890035
50725035
58590035
22390035
69145035
9535035
53595035
64405035
10255035
82240035
67555035
98540035
71330035
21705035
75500035
43575035
19670035
15800035
96400035
5395035
61725035
95675035
70515035
95590035
84280035
33490035
8700035
8715035
23715035
11435035
77060035
23335035
26495035
26015035
39840035
37740035
11805035
52000035
49645035
65005035
17665035
84865035
25900035
23605035
200035
2505035
35910035
58340035
68685035
43360035
2200035
27205035
44660035
18255035
82275035
3790035
36965035
26925035
60955035
17030035
42455035
84850035
10900035
35885035
33340035
56230035
32750035
58820035
54860035
45460035
28135035
85775035
47015035
2895035
30850035
35355035
95930035
29220035
84360035
14725035
9050035
62420035
555035
61210035
74500035
31225035
15295035
85225035
89605035
25180035
93725035
95815035
12985035
46820035
5425035
91725035
71115035
4235035
86905035
90600035
32530035
36350035
4515035
70610035
91825035
72350035
54055035
30580035
61650035
20675035
33150035
63760035
56610035
17690035
11100035
38355035
34215035
42345035
73615035
35110035
48460035
65185035
135035
36270035
23280035
70260035
38120035
95510035
4280035
33140035
53760035
31875035
72705035
13995035
69170035
34535035
66050035
75015035
52400035
54585035
66755035
88660035
67830035
77245035
10805035
39650035
45270035
35665035
10870035
5885035
57900035
23745035
41435035
52500035
55820035
17810035
32335035
38880035
65390035
7605035
130035
31270035
60295035
48385035
88950035
61535035
4440035
94375035
54460035
40520035
26385035
14780035
64050035
50315035
43650035
94670035
53165035
29465035
33065035
77525035
93275035
40875035
85090035
53370035
36935035
95690035
85515035
83310035
51140035
78530035
11860035
8235035
37540035
9335035
51125035
63530035
24140035
41375035
91265035
6175035
51605035
49705035
26240035
67310035
51070035
8530035
36245035
97045035
57805035
27510035
53365035
31935035
33940035
63640035
35375035
17165035
78690035
73095035
8935035
46185035
61780035
51910035
58410035
39920035
18975035
12155035
6940035
26485035
16015035
15105035
92755035
14700035
82815035
49965035
88710035
19065035
3390035
32025035
25175035
88725035
34065035
89875035
97650035
70215035
91885035
33585035
4935035
95550035
44280035
33315035
31230035
20295035
48210035
12715035
73115035
28935035
95655035
50515035
46120035
95545035
39280035
70330035
9355035
71125035
14235035
12875035
35585035
29635035
5535035
4195035
46905035
90425035
55060035
47930035
29010035
71890035
87880035
77950035
24450035
55080035
67930035
78480035
60625035
82090035
16320035
23810035
7670035
65130035
43900035
48375035
78950035
36800035
59455035
97270035
85275035
40840035
50090035
16180035
81340035
56440035
45220035
84430035
84725035
83430035
72375035
79055035
43035035
72260035
62820035
5495035
62960035
46730035
14190035
66640035
72425035
30290035
67945035
93480035
48345035
48950035
61360035
26970035
7190035
78955035
41800035
22440035
20380035
34445035
74815035
49930035
53710035
80640035
47795035
91540035
83645035
89845035
67650035
94775035
59400035
42270035
97380035
96510035
16630035
37515035
83100035
38670035
52920035
80760035
69030035
92065035
16055035
55105035
92930035
90935035
71235035
25470035
87430035
23010035
96555035
61630035
675035
82445035
75025035
62400035
79320035
11740035
85765035
37015035
76925035
85865035
38250035
27980035
29540035
9300035
16125035
26340035
68545035
2125035
50970035
7295035
85190035
54605035
86755035
39365035
56565035
71455035
47940035
39010035
96625035
32865035
75055035
92400035
54760035
44225035
77080035
43335035
75965035
14750035
34050035
74875035
11165035
4590035
46845035
30425035
5415035
81725035
46380035
59250035
89800035
22650035
32850035
60055035
5915035
87900035
97950035
73920035
43815035
62140035
16850035
59985035
34680035
13520035
87995035
94185035
61990035
64380035
84020035
69785035
56945035
56395035
220035
22505035
85380035
47075035
62895035
80495035
1560035
78560035
41860035
82440035
70025035
650035
57445035
62570035
51790035
37175035
39395035
86565035
46895035
80425035
30325035
4180035
31905035
3940035
88200035
2890035
25850035
72370035
74055035
80050035
50385035
14885035
70285035
63120035
9200035
14890035
75285035
26105035
31075035
62825035
10495035
25945035
68605035
62125035
1850035
72265035
67820035
67245035
84835035
94665035
48165035
66480035
11190035
29590035
59300035
41035035
47560035
54070035
45580035
49370035
86300035
78190035
66920035
56130035
31515035
9000035
12420035
74410035
39990035
88975035
86535035
16895035
6220035
96605035
12865035
25585035
4900035
60550035
7090035
77720035
90745035
78765035
49330035
46300035
78015035
89450035
67710035
56010035
10280035
8475035
80010035
10385035
14710035
92815035
74700035
33695035
16170035
71340035
31705035
1470035
87325035
16775035
83750035
96080035
80455035
60325035
78385035
64390035
94020035
94520035
1930035
53500035
68170035
22185035
61675035
45675035
45605035
74370035
98755035
88800035
10300035
28475035
30715035
97885035
8920035
31185035
74060035
85050035
13370035
36760035
19455035
97095035
9040035
52420035
74585035
17460035
77395035
62040035
15615035
10165035
91005035
42470035
1085035
97385035
2745035
78380035
59390035
32270035
72645035
52760035
19525035
68330035
83420035
62375035
54320035
98050035
75155035
93635035
5815035
86665035
48130035
31480035
72765035
73995035
20050035
740035
48680035
87655035
50480035
11120035
58355035
83685035
31080035
67825035
72245035
47820035
17775035
96100035
1690035
11030035
67120035
58600035
32390035
93880035
53285035
50700035
33590035
9935035
58535035
66155035
81250035
65205035
20135035
85740035
12015035
64470035
75255035
94870035
55635035
30340035
19180035
19625035
69565035
34475035
6050035
25370035
86195035
71955035
54115035
90580035
12530035
85645035
15780035
76400035
54690035
72990035
2700035
33380035
96230035
32925035
36290035
43280035
20965035
26855035
89720035
41415035
32500035
6350035
29075035
38125035
1745035
66030035
55015035
2930035
65850035
72545035
51525035
68470035
25890035
13605035
74230035
57520035
38805035
89155035
69005035
67065035
3600035
44495035
50785035
19825035
72035035
35350035
90930035
66235035
62485035
65555035
73840035
62580035
61790035
61910035
83145035
83670035
16080035
80105035
6620035
2780035
14615035
96580035
86630035
13130035
93055035
18405035
34745035
78520035
1860035
82265035
92555035
12230035
81940035
63850035
47845035
42775035
9790035
12300035
53175035
39465035
57800035
22510035
90380035
10060035
84770035
29665035
35535035
78400035
79390035
81740035
61380035
46970035
56660035
67690035
36010035
59575035
19740035
85800035
72015035
15350035
41460035
77500035
68275035
28420035
74480035
11225035
64590035
96490035
95395035
86810035
94365035
44460035
15785035
81400035
17675035
94865035
50635035
67355035
96070035
70455035
35590035
34635035
67285035
26070035
94840035
25635035
54900035
85460035
28310035
63245035
35435035
77165035
29570035
39300035
90330035
58825035
59860035
8445035
50010035
34945035
80990035
2735035
68380035
34655035
87285035
75540035
83575035
19845035
92035035
84820035
79665035
60445035
855035
64915035
26430035
59780035
27210035
49660035
80005035
5385035
51725035
70940035
26765035
98485035
16330035
33810035
32405035
10115035
41005035
17560035
78630035
13095035
58055035
79980035
79150035
39270035
60330035
83385035
27375035
17130035
43690035
35905035
53340035
6935035
21485035
53030035
91995035
44820035
79490035
82975035
12435035
89410035
27710035
55835035
32810035
20055035
5740035
11665035
10765035
98415035
45095035
58195035
22450035
30380035
59180035
19800035
47035035
22895035
80320035
24090035
90140035
66355035
83720035
66080035
6250035
27840035
87070035
58070035
94980035
66870035
6130035
6605035
86545035
26895035
30955035
41590035
9970035
93535035
4580035
36845035
5690035
60430035
84620035
77195035
59570035
14740035
24050035
50140035
66180035
7485035
77660035
30745035
29120035
83125035
63670035
65375035
91370035
12410035
64410035
15255035
45225035
89430035
47710035
6540035
21545035
14265035
42875035
11025035
62120035
95615035
10515035
45945035
19310035
50860035
94825035
10635035
67180035
19835035
82035035
60085035
35915035
63340035
31670035
65235035
50135035
61180035
44500035
55785035
81575035
93910035
83285035
26140035
66075035
1250035
64855035
65195035
10135035
61005035
67030035
67365035
7305035
95190035
79340035
31740035
36470035
25750035
71135035
24235035
37610035
79335035
26740035
73485035
3875035
23200035
89025035
37770035
41805035
27440035
82130035
56320035
23985035
83905035
53550035
19405035
47095035
82895035
31200035
89060035
72770035
78995035
81800035
22615035
96615035
22865035
50320035
48650035
57655035
75040035
77400035
67040035
77365035
32040035
40175035
76445035
925035
36150035
2045035
69735035
6945035
31485035
77765035
36980035
41925035
48675035
82655035
87495035
88010035
10420035
49710035
31240035
30295035
72945035
56465035
70220035
96885035
95335035
26810035
44720035
78255035
33155035
68760035
19595035
39565035
59035035
72330035
34055035
79875035
72915035
26465035
94780035
64400035
5255035
20490035
45680035
50605035
37355035
21865035
37970035
44275035
28315035
68245035
97185035
275035
77505035
73275035
90170035
96355035
59160035
98565035
96330035
34160035
86110035
85720035
90780035
15000035
86520035
1895035
18500035
30980035
66590035
22425035
5380035
46725035
9190035
4890035
50550035
81120035
33970035
93640035
10815035
49650035
70005035
79415035
7975035
73835035
57580035
40035
40035035
35210035
49695035
16240035
42575035
7320035
11425035
67060035
97365035
81510035
28910035
70655035
38060035
35510035
53400035
66935035
71130035
19235035
74625035
57460035
77570035
39510035
4035035
84435035
89725035
46415035
94250035
28225035
77010035
72100035
1585035
4795035
54315035
93050035
13405035
71760035
56645035
52690035
48290035
92715035
73465035
82640035
72495035
1525035
43560035
4670035
28080035
30775035
59120035
58565035
96155035
56690035
97690035
11450035
92060035
11055035
92120035
71055035
43000035
37260035
25630035
49900035
23710035
6435035
15310035
1460035
77325035
90805035
40000035
210035
12505035
60645035
3325035
65790035
12545035
1880035
3500035
43260035
965035
76150035
2220035
47205035
94130035
6990035
76485035
40925035
36325035
78280035
58155035
81215035
30205035
81710035
31380035
71530035
24175035
76375035
29690035
60535035
90855035
90000035
25120035
33725035
46170035
46780035
64190035
91550035
93645035
15815035
12635035
91880035
28585035
41950035
73675035
95110035
98105035
31390035
81530035
48910035
21360035
26795035
29720035
90535035
66295035
23720035
16435035
40045035
45210035
74430035
59990035
39680035
75270035
11105035
43355035
95965035
64220035
22785035
69085035
48300035
3950035
98200035
27625035
69600035
69475035
43240035
79730035
26680035
13485035
52995035
56995035
7630035
25130035
43725035
70905035
90530035
61295035
60735035
93325035
90875035
11235035
74590035
22460035
40380035
83915035
63550035
44140035
90845035
80000035
385035
88740035
49065035
77595035
64510035
16490035
95045035
33105035
18760035
93450035
18345035
73510035
28875035
35655035
870035
79915035
14150035
26640035
72250035
52820035
79525035
19210035
49625035
45005035
66960035
96130035
31690035
85235035
840035
49915035
38710035
92920035
80935035
46500035
80485035
90325035
53825035
96875035
85335035
2075035
970035
81150035
63970035
69080035
43300035
40965035
76325035
78455035
35625035
69635035
5710035
80430035
35325035
65930035
53780035
51875035
23410035
2730035
63380035
71670035
65410035
27605035
49600035
20005035
54505035
85520035
88310035
14125035
1640035
59795035
42210035
37380035
46865035
50425035
54885035
70460035
40590035
96385035
89160035
74005035
30050035
25475035
92430035
84760035
19665035
10800035
34650035
82285035
13790035
61700035
70675035
58060035
84980035
42135035
61145035
9500035
18595035
27215035
54660035
42990035
27260035
895035
6150035
26605035
37250035
15630035
25165035
78725035
9330035
46125035
1780035
2265035
92205035
57290035
6335035
14075035
50405035
34885035
20990035
51855035
3410035
52025035
74645035
77460035
28275035
28245035
97010035
22805035
89085035
97770035
91450035
92410035
64760035
68960035
22065035
40440035
45150035
14430035
10345035
73475035
92640035
97230035
45275035
40665035
72620035
27760035
7070035
57720035
41275035
90030035
55120035
9165035
78655035
38095035
70510035
90590035
22530035
11615035
59530035
73505035
23875035
72670035
77760035
31980035
78940035
26800035
34720035
53520035
88170035
71655035
50410035
39885035
82740035
73730035
51345035
86000035
74485035
16225035
27575035
19600035
44565035
22020035
94205035
81990035
15085035
72755035
63995035
94080035
55755035
51575035
19705035
50800035
34825035
59755035
2210035
37205035
69395035
62005035
79380035
71740035
36645035
3220035
59555035
98505035
36330035
83280035
21140035
4325035
78140035
16920035
31220035
10295035
23475035
67730035
76010035
59750035
95975035
74220035
47520035
14070035
45405035
71900035
97880035
3920035
68200035
52185035
37115035
78160035
36920035
80690035
97795035
17685035
6100035
75370035
12340035
93175035
39640035
35270035
10930035
65885035
8780035
88715035
24065035
65140035
53900035
73110035
23935035
33905035
28640035
96950035
61570035
39440035
32800035
10055035
79770035
66680035
13660035
30465035
45415035
81900035
23850035
47670035
65305035
21370035
36795035
54455035
35520035
63400035
91670035
16115035
16340035
43810035
57140035
53865035
38110035
85510035
78310035
88155035
56655035
62690035
73025035
37700035
70570035
51825035
72175035
76585035
42160035
86145035
21955035
29205035
69360035
27005035
42190035
17380035
96160035
61690035
60675035
33325035
41230035
45030035
91960035
9820035
42300035
28615035
71950035
49115035
28830035
89420035
37710035
80570035
76560035
17160035
73690035
11345035
85825035
97015035
27805035
52070035
20880035
40620035
27620035
64600035
7725035
21365035
31795035
91470035
13645035
15465035
57695035
16275035
77575035
44510035
65785035
7545035
38895035
80390035
94090035
65755035
76310035
63455035
47905035
4010035
59435035
77270035
35805035
52105035
55880035
77810035
81980035
5085035
48020035
20245035
96975035
86570035
51895035
43410035
52200035
52115035
65880035
3780035
26965035
2190035
17205035
19925035
73270035
85170035
34605035
37285035
50630035
62355035
34320035
48580035
86420035
660035
67445035
87305035
95540035
34280035
8580035
86245035
23190035
79025035
13035035
96820035
30335035
14180035
56640035
47690035
85305035
70840035
25530035
48665035
72655035
62760035
44260035
13315035
80525035
31560035
54000035
74345035
73755035
76345035
98455035
85095035
58370035
98685035
18800035
34685035
18520035
50980035
17295035
11160035
98355035
83860035
8550035
56245035
47750035
46540035
21720035
90500035
31295035
85295035
60840035
795035
4915035
75550035
93575035
44580035
37020035
81925035
48850035
60125035
75915035
63515035
9140035
53655035
25640035
59900035
48445035
50185035
12415035
69410035
77005035
67100035
38600035
81685035
6380035
59075035
13565035
34230035
57345035
61335035
1970035
93500035
68345035
98420035
50095035
21180035
44325035
78315035
93155035
19640035
84565035
22195035
71675035
70410035
89355035
71475035
67940035
88480035
85360035
27075035
13425035
91760035
7350035
41425035
42500035
31085035
72825035
35230035
69695035
65710035
31310035
1530035
48560035
66420035
49955035
78710035
93095035
58405035
34920035
55990035
89045035
57770035
91275035
16175035
76340035
93455035
23345035
36495035
50750035
83590035
34845035
79755035
51680035
25940035
63605035
375035
78740035
24330035
33845035
67405035
47305035
95365035
56810035
20160035
11975035
24470035
75080035
18635035
67215035
54835035
20460035
15680035
75165035
4870035
30550035
31650035
45235035
665035
72445035
50290035
18650035
82215035
42555035
86085035
60720035
78325035
4390035
44375035
29550035
19300035
40860035
70090035
65650035
70075035
50650035
82355035
83790035
37315035
80630035
37795035
66805035
39895035
92740035
98465035
95095035
83105035
43670035
15905035
3870035
18200035
27275035
15895035
92635035
92230035
82290035
18790035
24685035
92550035
7230035
20190035
41975035
98675035
8800035
9950035
73535035
53875035
48110035
11480035
23295035
85260035
25840035
62370035
49320035
36300035
53280035
45700035
70605035
86825035
10600035
32180035
81410035
27675035
20835035
94385035
64460035
65255035
70135035
11885035
33235035
49995035
19945035
93270035
35875035
23340035
31495035
87765035
61715035
85675035
45780035
51840035
87175035
64305035
9020035
32420035
25115035
28725035
83185035
24905035
16255035
57575035
93805035
77050035
13335035
1760035
81030035
42735035
68555035
12125035
75705035
51045035
82295035
23790035
86435035
15660035
55165035
54165035
41815035
37440035
8100035
1305035
21090035
53090035
53230035
94465035
45695035
65605035
25075035
87490035
83010035
47435035
27835035
82070035
95085035
73105035
18935035
70920035
6765035
49015035
27595035
39600035
94035035
10755035
88415035
20360035
14445035
25345035
61195035
59500035
43505035
48435035
40185035
86445035
25660035
79900035
97915035
38920035
6625035
7780035
76365035
19690035
35800035
47105035
92895035
55935035
34045035
69875035
48180035
81480035
97675035
95215035
5575035
44195035
47080035
67895035
43480035
23435035
27730035
75835035
82280035
8790035
98715035
48800035
10125035
51005035
42295035
23615035
10200035
27240035
79660035
55445035
37870035
43040035
77260035
25805035
27370035
12130035
80705035
14030035
5405035
71725035
21645035
15500035
92695035
53465035
33170035
83760035
7315035
6425035
5310035
75490035
33575035
93700035
70815035
530035
36210035
62045035
20615035
71915035
14115035
90405035
35060035
97225035
40275035
77680035
50745035
78590035
71860035
57880035
3745035
90730035
63765035
61610035
79440035
32975035
86290035
68190035
42185035
12380035
34410035
39815035
12740035
98115035
41390035
7500035
92660035
18465035
94745035
29400035
66830035
64895035
6430035
10310035
38475035
55450035
42870035
6025035
370035
73740035
61345035
11970035
19470035
13330035
95525035
19280035
20860035
20620035
76915035
75865035
13515035
82995035
32435035
40115035
16445035
50045035
69945035
19415035
57095035
8865035
74950035
86165035
41955035
78675035
58095035
21215035
79325035
16740035
48750035
58890035
26095035
21075035
38090035
65510035
28840035
655035
62445035
25555035
73665035
85110035
73370035
86405035
84425035
79725035
21680035
50500035
31120035
9060035
72420035
25290035
6195035
71605035
410035
14975035
61520035
88205035
7890035
87600035
94245035
23225035
15260035
50225035
52415035
69585035
54475035
55520035
14105035
80405035
10325035
53475035
43170035
9730035
51065035
3530035
73260035
75170035
9870035
92300035
53525035
93170035
34640035
72285035
87820035
17950035
73570035
88875035
85300035
65840035
62545035
26790035
24720035
28785035
44420035
74550035
81225035
40205035
7680035
75130035
68635035
92125035
76055035
5985035
59135035
73565035
83875035
23550035
43965035
14610035
91580035
24880035
90020035
45120035
83195035
34905035
40990035
2560035
90910035
46235035
13015035
76820035
79630035
25445035
62430035
10555035
85945035
19485035
28330035
83245035
84905035
65900035
23780035
76435035
89690035
11415035
57060035
72630035
37760035
31805035
2705035
38380035
59215035
54800035
84225035
77255035
20805035
64385035
89020035
32770035
78820035
5565035
34195035
22345035
24145035
46375035
54250035
28050035
775035
83680035
26080035
6075035
50370035
98650035
82565035
96260035
62925035
11730035
75765035
12280035
33175035
88760035
69065035
28300035
53245035
10700035
33415035
32465035
70115035
90650035
82530035
61260035
25735035
56135035
36515035
70750035
34295035
23580035
73965035
88815035
25300035
16195035
96340035
44160035
12080035
30705035
87885035
82950035
86200035
76955035
17100035
13690035
60465035
20855035
15620035
15165035
53990035
64345035
49020035
32595035
2585035
17145035
58690035
23625035
20200035
51975035
24645035
52550035
7055035
42720035
53555035
24405035
10080035
6005035
79135035
24270035
72610035
17760035
81100035
13970035
44170035
22080035
55440035
32870035
80055035
55385035
76635035
92160035
12290035
43175035
14730035
14050035
25405035
22430035
10380035
9710035
31065035
52825035
84525035
80960035
71500035
92940035
2170035
95970035
69220035
84535035
90960035
96235035
37925035
98040035
65155035
68900035
60830035
89560035
78945035
31800035
96470035
75395035
37340035
6865035
50250035
77415035
82040035
65085035
97665035
85215035
79605035
445035
49975035
98710035
43800035
47140035
29130035
93125035
88405035
10360035
88475035
80360035
64090035
90315035
43825035
72140035
41585035
4970035
31785035
81470035
87675035
70480035
60590035
47090035
77895035
68215035
67185035
24835035
45020035
81960035
83850035
97315035
31510035
4000035
49435035
52535035
90820035
55000035
86695035
78130035
6920035
6485035
65310035
26370035
98545035
76330035
83455035
97375035
91510035
53645035
15640035
35165035
4695035
53080035
43230035
69730035
1945035
68500035
55890035
87810035
7950035
48835035
45125035
88195035
96655035
62865035
50495035
26120035
46075035
50545035
76120035
70985035
71765035
61645035
15675035
70165035
41885035
8675035
82480035
11260035
825035
34915035
50990035
27295035
35895035
43340035
80965035
76500035
55925035
24045035
45140035
4430035
84375035
29725035
95535035
29280035
45595035
64370035
74020035
45050035
13195035
59290035
31035035
22825035
10320035
48475035
80185035
86620035
3130035
68320035
73420035
37640035
10570035
2180035
7205035
93955035
29520035
88065035
65420035
37605035
74335035
63755035
51610035
54705035
87990035
89185035
240035
42505035
36085035
35810035
57105035
18865035
920035
31150035
39060035
47860035
57775035
96275035
77925035
98215035
42625035
57320035
36335035
88280035
82890035
26200035
27310035
50895035
31060035
47825035
22775035
59085035
23565035
58965035
2330035
58440035
69920035
93180035
44640035
97020035
32805035
15055035
42755035
88555035
61595035
64440035
45255035
20665035
23150035
39025035
12860035
20585035
41915035
38675035
57920035
43745035
90905035
41235035
50030035
54945035
31695035
90235035
62590035
71790035
86645035
28130035
80775035
84030035
79785035
81680035
1380035
96090035
90455035
85060035
23370035
61495035
63205035
94200035
76990035
52100035
50880035
16060035
60105035
55915035
14045035
20405035
59445035
87270035
60540035
95855035
52985035
46995035
81660035
80145035
46620035
2955035
90850035
85000035
62135035
11850035
97000035
12805035
64350035
54020035
94345035
24460035
65080035
92665035
23465035
57730035
51275035
16000035
105035
6270035
47840035
37775035
46805035
89190035
5240035
5490035
57960035
83745035
91080035
18705035
38450035
30450035
30415035
94180035
56990035
2630035
62145035
21850035
22970035
56555035
61455035
23205035
94025035
755035
63680035
75375035
17340035
56160035
61515035
83205035
44905035
65725035
46310035
88015035
15420035
12695035
53115035
78230035
8155035
56305035
8985035
96185035
86690035
73130035
43935035
83375035
17375035
91160035
98705035
38800035
84155035
7255035
45190035
54430035
10520035
50945035
81060035
72735035
43995035
44610035
67020035
57365035
81335035
51440035
82235035
62555035
36790035
49455035
72535035
41525035
43735035
80905035
16500035
6280035
57840035
62510035
90555035
86295035
73190035
5170035
34255035
82345035
73790035
12580035
36880035
40690035
97620035
40215035
17680035
1100035
13620035
89230035
45240035
5665035
35430035
72165035
66585035
17425035
42395035
24850035
60020035
69680035
50710035
43590035
34670035
3520035
63260035
50435035
64885035
95195035
84340035
93490035
58345035
73685035
6345035
24075035
75140035
78635035
18095035
21040035
3090035
28320035
73245035
60170035
22150035
26675035
8485035
90010035
35120035
58460035
89920035
43885035
33375035
91230035
69940035
14415035
94110035
85755035
27015035
52190035
42115035
41145035
58795035
29860035
33005035
17525035
43630035
74670035
3695035
40730035
38855035
40390035
93915035
88285035
87890035
87950035
49185035
65035
65035035
47665035
60305035
58385035
14920035
6520035
1545035
63560035
54140035
16815035
24985035
96255035
57925035
48745035
53890035
63110035
97965035
88920035
31535035
29000035
61890035
63145035
34200035
27345035
85895035
68250035
3420035
62025035
615035
22445035
25380035
96195035
96690035
97865035
87685035
80480035
85325035
90840035
75000035
37400035
66865035
1130035
43620035
64670035
77725035
95745035
41750035
71205035
94235035
13225035
89290035
6475035
55310035
1635035
54795035
79225035
15505035
97695035
16450035
55045035
32930035
41290035
6265035
42840035
74790035
24930035
41255035
70030035
5650035
20430035
84445035
960035
71150035
39235035
25330035
46195035
71780035
76645035
3395035
37025035
86925035
11835035
82000035
25085035
97490035
8980035
91185035
24940035
51255035
94765035
49400035
17535035
53630035
640035
47445035
37835035
8040035
40070035
70210035
86885035
70600035
81825035
47615035
10305035
33475035
92465035
20995035
56855035
65160035
73900035
23815035
12670035
28115035
65775035
96310035
14160035
36640035
96985035
96570035
76630035
87160035
49305035
21300035
65560035
78840035
25565035
83665035
11080035
18355035
83510035
53610035
79405035
96740035
49100035
13830035
2935035
70850035
35530035
73400035
17640035
59865035
13445035
12995035
56820035
30160035
36710035
68220035
72185035
86585035
66895035
31130035
19060035
97155035
69040035
3300035
40790035
90035
90035035
60120035
70915035
1765035
86030035
5720035
90430035
60060035
10915035
50885035
21060035
23090035
77790035
61980035
54380035
59285035
26035035
59840035
87210035
540035
46210035
86780035
64365035
69020035
82065035
90085035
11355035
95825035
22985035
71555035
49175035
88830035
40300035
3915035
63200035
89200035
15240035
30225035
2945035
80850035
60265035
18385035
14745035
29050035
13125035
88055035
55420035
12870035
30585035
66650035
82425035
55025035
12930035
90585035
17530035
48630035
37655035
25570035
88665035
72830035
40230035
32680035
87585035
79245035
35505035
48400035
5185035
49255035
70065035
40650035
57620035
40040035
40210035
12680035
38115035
90510035
41295035
11265035
5825035
96665035
72865035
75230035
69870035
43180035
19730035
75800035
47280035
70365035
44355035
9550035
68595035
52125035
75880035
28515035
70715035
98060035
85155035
19605035
49565035
83770035
17315035
31160035
49060035
72595035
2760035
93380035
47110035
97895035
18920035
55920035
19045035
82155035
81320035
36440035
94515035
95695035
90515035
46295035
73015035
27700035
45835035
8075035
75070035
8635035
42480035
11085035
23355035
46495035
75485035
28575035
31950035
48940035
51360035
2235035
62205035
81850035
72615035
22760035
44085035
35845035
92105035
56055035
55280035
70400035
79355035
46740035
24190035
91375035
17410035
27395035
37130035
93160035
24640035
47550035
44070035
20845035
5620035
89195035
10240035
67240035
79835035
32915035
26290035
18545035
75980035
29750035
21770035
41735035
56205035
7750035
46365035
44250035
3315035
55790035
86575035
56895035
6395035
74075035
1285035
1090035
3620035
64495035
1490035
8560035
66245035
72485035
90290035
18825035
59685035
30975035
61590035
59440035
82270035
97555035
73980035
5050035
13020035
81820035
42615035
47320035
11600035
44530035
85785035
57015035
27630035
74600035
32460035
65115035
28900035
60655035
13325035
90525035
56295035
97750035
71450035
42940035
76025035
74750035
83695035
41080035
92560035
17230035
44925035
85725035
95780035
76750035
9630035
49830035
52475035
30820035
5355035
21725035
95500035
93045035
8405035
10010035
34770035
4755035
14315035
92875035
35935035
83340035
81140035
53970035
44345035
98315035
43860035
8375035
78775035
59330035
71035035
23000035
86555035
36895035
55690035
85340035
7075035
62720035
4260035
13140035
4290035
43140035
78495035
75625035
69810035
81945035
68850035
10830035
64650035
57725035
46275035
53015035
76995035
57100035
13865035
37935035
9275035
89890035
13885035
57935035
58745035
78625035
8095035
95070035
58105035
31215035
5295035
60490035
45855035
28075035
25775035
96135035
36690035
48220035
22715035
97850035
72685035
92760035
19700035
45800035
71840035
37880035
53040035
3230035
69555035
24475035
80080035
80385035
89090035
4005035
54435035
15520035
13930035
4170035
21905035
77970035
44450035
5785035
56665035
72690035
97760035
81450035
67675035
21010035
71855035
52880035
40760035
68855035
15830035
27635035
79600035
94210035
86990035
76835035
94630035
13165035
29290035
55595035
89105035
19005035
42155035
81145035
58970035
7330035
21425035
91795035
42350035
78615035
96860035
70335035
14355035
34110035
36110035
60810035
69560035
29475035
43065035
3495035
38260035
37980035
54275035
53050035
13230035
94290035
68225035
77185035
49570035
88770035
79065035
53035035
96995035
7805035
2600035
32145035
46410035
89250035
65240035
55135035
24165035
66375035
4955035
16785035
93750035
22050035
25440035
57430035
47570035
64070035
70315035
93120035
83405035
47375035
66600035
32425035
30115035
90475035
6295035
72840035
50230035
57415035
32570035
76350035
4690035
48080035
80245035
47855035
52775035
34525035
56050035
50280035
8650035
57480035
97570035
88980035
91535035
78645035
28095035
45775035
46840035
25425035
42430035
59850035
97210035
25275035
89960035
83885035
33550035
68700035
58360035
88685035
92830035
89700035
21415035
81795035
17615035
34865035
990035
2385035
14675035
57815035
37510035
78100035
75685035
31045035
32825035
35055035
92225035
77290035
55805035
2810035
44615035
72020035
20350035
4445035
610035
17445035
62395035
74320035
48755035
63890035
87845035
42950035
86025035
720035
28680035
38185035
61745035
16910035
21220035
84325035
78490035
70625035
8060035
60070035
20915035
75620035
64810035
20195035
46975035
61660035
30675035
57885035
8745035
53715035
85640035
10780035
14650035
32815035
25055035
67490035
33540035
58700035
33625035
44935035
95725035
21750035
21735035
6735035
19015035
52155035
7115035
3955035
4435035
89375035
91475035
18645035
77215035
79570035
64210035
12785035
44350035
4550035
6845035
30250035
27945035
93305035
70875035
60530035
85855035
28250035
3245035
84555035
12195035
46940035
26660035
92250035
3525035
68260035
13420035
86760035
44365035
19550035
93330035
95875035
72985035
96465035
70395035
74355035
83755035
2315035
43440035
82200035
27555035
98365035
93860035
33285035
1230035
44855035
15725035
21400035
66795035
29895035
68005035
54715035
97990035
15155035
43990035
39610035
5270035
35490035
33400035
17465035
82395035
25025035
37490035
58100035
26215035
42310035
38615035
96685035
92865035
25935035
58605035
37390035
56865035
75160035
98635035
67565035
9775035
96065035
65455035
72605035
12760035
19350035
90860035
95000035
86870035
55600035
94105035
80755035
64030035
30315035
92945035
7170035
58955035
91095035
33705035
26170035
96075035
75455035
97340035
56510035
16455035
60045035
94680035
63165035
54200035
76815035
74630035
62460035
40555035
61385035
51970035
19645035
89565035
83945035
93550035
19580035
24565035
71315035
6705035
87780035
76715035
73395035
12640035
96880035
90335035
63825035
22845035
30320035
97945035
68920035
80830035
40265035
67680035
26010035
34840035
74755035
88695035
4065035
15670035
65165035
78900035
85565035
34545035
76050035
985035
96150035
51690035
35940035
88340035
44125035
75845035
92280035
33525035
43700035
45905035
78075035
50685035
18590035
22215035
91675035
21115035
78090035
65685035
6310035
87840035
37950035
24275035
77610035
79510035
4210035
61905035
78145035
21920035
92970035
32170035
71410035
2940035
75850035
97280035
95275035
65575035
93840035
13285035
50525035
56120035
21515035
83030035
67435035
77305035
70805035
89295035
11475035
18295035
23510035
3965035
14435035
15345035
36460035
15750035
46400035
79250035
40505035
11385035
27060035
97190035
5275035
40490035
95150035
39340035
31565035
59000035
37330035
95630035
25515035
33665035
84935035
95900035
97985035
10155035
81005035
17735035
56100035
1515035
33560035
78700035
83095035
33670035
89935035
58885035
21095035
58090035
16215035
17575035
93630035
815035
24915035
26255035
82310035
38790035
74155035
81285035
1440035
57325035
41335035
51265035
6000035
74135035
61285035
50735035
68590035
47125035
14130035
6640035
22780035
64085035
85315035
80840035
50265035
92415035
69760035
31945035
43940035
88375035
79125035
14270035
47875035
72775035
83995035
44785035
44490035
45785035
56840035
50160035
86180035
56955035
66395035
24955035
66255035
82485035
16260035
62575035
56790035
160035
61270035
35735035
80870035
80265035
67855035
3480035
23260035
50260035
87415035
8010035
10070035
94770035
54400035
79285035
75505035
48575035
81420035
37675035
45570035
39370035
61565035
34440035
69815035
86945035
31835035
32705035
13820035
91700035
46115035
90545035
76295035
48455035
60185035
37150035
14395035
74110035
36285035
38280035
57980035
4980035
41785035
7440035
32660035
67585035
29775035
46770035
54190035
66815035
49895035
18710035
43450035
92200035
52290035
43350035
90965035
2470035
910035
21150035
14325035
4110035
60670035
28325035
78245035
23155035
44025035
74610035
42460035
89850035
72650035
57760035
81275035
90205035
32590035
96350035
54160035
36815035
74455035
84990035
52135035
85880035
53250035
15700035
95165035
54340035
19285035
25860035
82370035
25035
25035035
47490035
82835035
69965035
39415035
7800035
96365035
69160035
24535035
41315035
31265035
55295035
85400035
67075035
13600035
69230035
94535035
16930035
41220035
35030035
67225035
64835035
45195035
59430035
72270035
72820035
30230035
7945035
43835035
82140035
66320035
48720035
28890035
50655035
87355035
46775035
59190035
29800035
71770035
66645035
77425035
92040035
89820035
42650035
82320035
48790035
125035
26270035
97310035
26510035
41015035
27560035
4600035
56845035
55160035
49165035
78830035
15565035
58930035
66095035
21250035
15560035
53930035
4345035
98140035
66390035
19955035
4505035
60610035
67090035
28600035
56950035
61395035
61970035
44380035
34550035
81050035
62735035
19260035
860035
69915035
88180035
81655035
75145035
83635035
79845035
42915035
51025035
62295035
73085035
97700035
21450035
18030035
54805035
89225035
40240035
42680035
13555035
24230035
32610035
17585035
4865035
25550035
68665035
23360035
51495035
38470035
50450035
79885035
82915035
51200035
39765035
61505035
73205035
20170035
21975035
49205035
20065035
15740035
36400035
54515035
95520035
14280035
57875035
97510035
28980035
41890035
13675035
45465035
33135035
48760035
68890035
50830035
64825035
35195035
34695035
28520035
75715035
61045035
8265035
67540035
83540035
83610035
54845035
30460035
40415035
20150035
1975035
98500035
31330035
21530035
98030035
55155035
44165035
17080035
92455035
10995035
32120035
21410035
76795035
54630035
12990035
51820035
67175035
14835035
20285035
38210035
86745035
29365035
31830035
27705035
50835035
69825035
96945035
56570035
76455035
10925035
60885035
45795035
66840035
74895035
31165035
54060035
35580035
24635035
42550035
81085035
97735035
56450035
55220035
10400035
29710035
80535035
41560035
78735035
19330035
70860035
45530035
98135035
61390035
56970035
81395035
12675035
33115035
28760035
19420035
62095035
70615035
96825035
35335035
75930035
78515035
95625035
20515035
70680035
63060035
47965035
64010035
10315035
43475035
18435035
64745035
53960035
34345035
73580035
110035
11270035
10825035
59650035
94740035
24400035
5080035
43020035
57260035
75100035
38635035
17920035
43570035
14670035
52815035
74525035
56225035
27750035
95835035
32985035
96290035
92925035
85935035
9485035
3595035
39495035
87800035
96715035
24100035
1375035
91090035
28705035
63185035
74200035
27520035
63365035
56670035
77690035
60745035
4560035
16845035
54985035
71695035
90410035
40060035
60210035
62150035
26850035
84720035
78430035
10625035
57180035
93865035
38285035
62980035
66730035
63660035
55375035
66635035
67425035
67305035
46070035
45545035
14370035
49110035
23830035
27670035
15835035
32635035
42585035
17320035
36160035
12045035
94470035
50695035
28590035
46950035
36660035
18220035
47275035
65365035
81370035
86440035
20660035
18150035
76040035
89750035
71415035
7940035
38835035
20390035
44445035
785035
93680035
50815035
49825035
47475035
67835035
82245035
72555035
61525035
93205035
69640035
10710035
43415035
57200035
15100035
87755035
51715035
60940035
2030035
54735035
19225035
64625035
32725035
33820035
42405035
34850035
84755035
14665035
47815035
12775035
34350035
78580035
61860035
33145035
58760035
93625035
94580035
61930035
4380035
34375035
4815035
74315035
43755035
2140035
65970035
93780035
52050035
880035
89915035
38885035
70390035
69355035
22005035
79205035
94270035
48225035
27715035
60835035
94560035
41930035
53675035
45640035
10605035
37180035
44395035
49550035
68770035
29595035
64300035
4020035
69435035
3240035
79555035
49210035
25065035
77490035
58275035
3685035
30730035
14120035
95405035
96810035
20335035
88210035
12890035
50585035
17355035
71160035
49235035
50065035
89945035
68885035
45830035
3075035
13320035
85525035
93310035
75875035
23515035
8965035
76185035
37220035
84395035
49725035
46240035
18015035
39805035
2740035
73380035
96405035
10395035
24710035
18785035
19685035
30800035
84120035
71020035
8000035
70035
70035035
10650035
82180035
7555035
48895035
6360035
39075035
62860035
45495035
63135035
24200035
2610035
42145035
71145035
34235035
62345035
24320035
23845035
42670035
3555035
98260035
87625035
20480035
35680035
25870035
92370035
24760035
68785035
44595035
52020035
69645035
15710035
6400035
79075035
63035035
22965035
51555035
98470035
1330035
46090035
65545035
63840035
37845035
18040035
64805035
15195035
83990035
39785035
81505035
23910035
8905035
16185035
86340035
19425035
67095035
33600035
19935035
83270035
11140035
78355035
34390035
19815035
62035035
10615035
47180035
69130035
93300035
65875035
97545035
63980035
79080035
68035035
84715035
73430035
47640035
35305035
45930035
4310035
63140035
29200035
64360035
64020035
20315035
68210035
62185035
61850035
23145035
34025035
49875035
97475035
92745035
4700035
58080035
6215035
91605035
49880035
3710035
55730035
26575035
7250035
40190035
91445035
87410035
3010035
47085035
72895035
6465035
45310035
75665035
11045035
82120035
46320035
98015035
40155035
56445035
50220035
47415035
7835035
32600035
7585035
78895035
80565035
71560035
54175035
51815035
62175035
51850035
97175035
89040035
52770035
29525035
93065035
28405035
59480035
23505035
97730035
51450035
92235035
87290035
80540035
46560035
41720035
41205035
20030035
79505035
97975035
155035
56270035
72750035
58995035
32330035
33880035
3640035
84495035
50960035
96060035
60455035
10855035
89650035
70180035
56885035
95160035
49340035
56300035
3985035
34435035
64815035
25195035
9960035
83535035
78610035
91860035
8585035
91245035
84940035
2135035
60970035
32030035
30175035
51710035
55940035
39045035
32860035
70055035
30650035
32885035
95055035
43105035
43495035
38435035
15450035
42695035
28555035
11950035
98235035
62625035
8025035
25070035
82490035
21260035
25560035
78665035
48095035
95245035
35575035
19635035
79565035
59210035
49800035
22475035
55380035
71635035
30410035
89180035
94005035
79520035
14210035
86640035
23130035
19025035
62155035
31850035
47705035
1540035
58560035
91155035
93705035
75815035
62280035
58085035
11215035
54590035
71755035
51645035
89705035
26415035
44780035
39490035
82800035
34965035
2225035
52205035
57115035
28865035
25655035
74900035
36165035
17045035
57455035
72570035
76525035
80925035
36500035
55750035
46575035
56720035
28925035
85655035
25780035
2370035
98440035
70095035
70650035
33060035
72525035
31525035
19000035
37155035
19395035
37095035
58160035
86215035
91955035
4820035
79315035
6740035
24015035
15140035
28990035
51890035
38410035
89215035
30240035
17945035
68570035
27125035
63425035
17905035
28570035
26950035
85955035
29485035
53065035
28230035
82010035
35085035
23460035
52730035
88290035
92890035
50935035
71060035
48000035
245035
47505035
97835035
57685035
6275035
52840035
760035
68680035
38360035
39215035
5330035
95490035
83045035
82435035
65025035
37665035
35570035
14635035
17815035
37335035
1865035
87265035
55540035
34105035
31110035
97825035
47685035
80305035
9090035
3655035
730035
38680035
62920035
6730035
14015035
89170035
84005035
54785035
69225035
89535035
53945035
19345035
85860035
33250035
64995035
7665035
60130035
80915035
26500035
31015035
2825035
59615035
59740035
85975035
49485035
3770035
16965035
76220035
72220035
22820035
5320035
85490035
58310035
38685035
67920035
68480035
35890035
38340035
19215035
54625035
7990035
88835035
45300035
65665035
85075035
38370035
49215035
30065035
40475035
80150035
51620035
64705035
13960035
34170035
96110035
11690035
35765035
12105035
55705035
1575035
93560035
29580035
49300035
16300035
3810035
56965035
76395035
49690035
11240035
79590035
84210035
62255035
33085035
97525035
43980035
29610035
79300035
90505035
36295035
48280035
82715035
48730035
38890035
75390035
32340035
43880035
28375035
29480035
48065035
65245035
60135035
85915035
88250035
52890035
50760035
93590035
59580035
24740035
48785035
93890035
63285035
75435035
77340035
7040035
27720035
65835035
57545035
63805035
2845035
79615035
10445035
74710035
43695035
40905035
16325035
28810035
69420035
87005035
91835035
82350035
78790035
74330035
58755035
88625035
32830035
40055035
55210035
400035
4975035
36785035
44455035
10785035
19650035
94565035
46930035
16660035
67515035
58540035
71155035
44235035
87080035
68070035
20950035
11855035
3235035
74555035
86225035
3190035
29555035
24300035
3845035
91965035
14820035
5285035
50490035
21120035
83090035
28670035
28185035
37010035
71925035
24115035
16375035
78810035
94330035
9460035
77360035
27040035
77190035
54570035
51755035
2175035
2205035
32205035
7645035
40130035
31445035
37765035
36805035
64455035
60255035
8385035
88775035
84065035
16020035
20105035
55740035
36575035
31985035
83940035
88550035
56595035
2690035
23380035
71495035
87940035
39185035
74095035
21285035
50560035
91120035
58705035
38625035
7920035
18835035
69685035
55710035
6575035
56545035
51455035
97235035
50275035
3650035
94495035
75695035
41045035
57560035
78805035
89330035
46475035
55485035
77870035
43215035
54730035
14225035
2875035
10850035
84650035
8430035
35010035
47225035
15365035
56460035
65220035
35135035
73460035
77640035
10745035
78415035
94390035
69460035
28240035
92010035
59820035
67210035
49835035
57475035
92570035
27230035
69660035
30710035
92885035
45935035
9310035
26125035
51075035
13530035
97995035
20155035
6975035
61485035
53205035
69465035
33240035
54995035
81695035
16380035
83810035
57315035
31335035
26530035
61015035
77030035
92100035
51055035
92295035
48525035
31420035
12765035
24350035
53845035
18110035
36040035
89575035
93945035
19520035
63330035
21670035
40500035
6385035
64075035
75315035
56105035
6515035
95310035
1810035
32265035
67645035
89775035
96415035
20395035
49445035
62535035
16790035
98750035
83800035
47315035
6600035
81545035
63910035
9080035
92420035
74760035
93695035
65815035
37545035
14335035
14110035
85405035
72075035
75350035
91105035
43705035
50905035
41060035
72560035
66525035
56190035
91515035
58645035
77390035
57040035
52630035
87055035
43070035
8495035
1245035
59855035
3445035
87025035
13070035
33055035
67525035
68540035
95890035
87985035
84185035
37255035
20630035
86915035
1835035
57265035
80100035
1620035
39795035
91505035
48645035
52655035
13290035
55525035
19105035
43390035
32200035
2645035
77145035
9570035
88595035
2830035
64615035
22725035
9085035
97420035
37745035
16805035
14985035
71520035
14175035
51640035
84705035
63430035
22905035
90320035
48825035
35125035
63460035
52905035
65760035
81310035
26440035
69780035
51945035
93410035
77110035
73335035
51405035
47235035
25365035
81195035
10205035
32240035
42645035
77320035
85805035
77015035
77100035
63335035
26670035
3485035
28260035
13245035
10525035
55945035
44045035
94610035
91930035
78585035
66860035
94895035
80635035
42795035
29790035
61770035
41910035
33675035
94935035
21870035
42970035
7260035
50190035
17415035
32395035
115035
16270035
72575035
81525035
43910035
58375035
4920035
80550035
56560035
66455035
84955035
17135035
48690035
97655035
75215035
54870035
55460035
52870035
30760035
44120035
70845035
30530035
11650035
94530035
11930035
78235035
13155035
19290035
30860035
45355035
21900035
72970035
81465035
82675035
8730035
38715035
97920035
43920035
68375035
29655035
25535035
53665035
35640035
84635035
92195035
47290035
80365035
69090035
53300035
65700035
21310035
75560035
4810035
69315035
80770035
79030035
18035035
59805035
52210035
62115035
90615035
47530035
24070035
70140035
16885035
94985035
71870035
67880035
28480035
35715035
60870035
30795035
79120035
9270035
84890035
50900035
36060035
10810035
44650035
8255035
57540035
58805035
39860035
57740035
61275035
40735035
43855035
3375035
17025035
37455035
23100035
87790035
86715035
98130035
56390035
93985035
59520035
63505035
97905035
28920035
80655035
62795035
79260035
50505035
36120035
70810035
94295035
73225035
40170035
71445035
37940035
14275035
52875035
35760035
7105035
92720035
78465035
45625035
94370035
49460035
77535035
4510035
65610035
30075035
50475035
6120035
95370035
61810035
81910035
33850035
72405035
10290035
18475035
5980035
54135035
11815035
62000035
74380035
9990035
14770035
54050035
25580035
98665035
97565035
83980035
29785035
56770035
78925035
11800035
47000035
86660035
43130035
68495035
50890035
26060035
84840035
900035
11150035
88355035
59125035
63565035
59140035
78565035
46860035
45425035
91900035
48585035
91420035
62410035
89320035
36475035
30750035
34120035
46110035
85545035
14545035
26580035
12250035
3175035
14555035
36580035
36985035
46925035
11660035
5765035
36665035
23220035
10260035
87240035
30540035
21650035
20500035
55680035
75340035
81105035
18970035
7155035
43955035
4610035
66845035
79895035
92915035
75935035
83515035
58610035
42390035
19850035
97035035
47805035
2775035
9615035
34830035
64755035
63960035
59080035
18565035
95980035
79220035
10505035
35945035
93340035
7110035
97720035
41450035
67500035
43540035
83435035
77375035
42040035
64910035
21430035
96795035
5335035
1725035
46030035
5545035
14195035
71640035
35410035
52165035
17115035
28690035
48185035
86480035
60660035
18325035
53510035
78170035
46920035
6660035
42780035
14790035
74050035
75050035
87400035
91775035
22350035
29145035
9360035
76125035
75985035
34750035
83520035
63610035
5375035
41725035
46205035
81780035
2615035
47145035
34130035
56110035
11515035
58295035
23685035
80200035
2855035
89615035
35180035
19695035
40800035
10090035
16005035
5105035
68020035
69715035
85710035
80780035
89030035
42770035
4790035
49315035
31300035
90295035
23825035
22670035
52850035
10760035
93415035
82110035
36320035
73280035
95170035
59340035
81035035
47735035
31540035
34000035
24875035
85020035
82135035
61320035
85735035
7015035
2720035
53380035
46935035
21660035
30500035
80415035
20325035
78210035
86920035
6835035
20250035
3210035
49555035
73770035
91345035
86175035
51955035
4645035
3080035
18320035
48510035
16420035
25045035
57490035
8805035
14950035
36520035
75750035
96045035
45455035
23135035
24025035
25140035
53725035
95640035
35515035
58400035
29920035
93005035
67170035
9835035
57300035
16335035
38810035
94155035
31990035
88940035
51535035
78470035
50625035
57355035
71335035
26705035
38485035
65450035
67605035
49775035
96240035
42925035
61025035
87030035
18070035
94805035
89400035
17710035
31100035
87825035
22950035
36555035
11985035
34470035
1050035
62385035
64320035
24020035
20140035
90740035
73765035
86345035
24425035
30080035
55475035
67870035
18480035
10980035
17120035
33690035
11170035
9590035
9830035
52300035
53350035
16935035
46220035
96780035
89100035
14005035
79170035
59270035
11035035
72120035
21585035
54265035
43050035
87260035
50540035
71120035
9235035
49890035
13710035
80465035
70325035
4355035
9375035
91125035
63705035
1610035
29795035
66770035
4895035
55550035
44105035
55845035
42810035
44790035
49490035
8770035
78715035
98095035
21390035
56795035
5160035
24255035
57610035
30040035
15475035
67695035
41010035
22560035
41615035
34970035
7225035
15190035
78990035
76800035
59630035
74740035
73695035
16345035
48810035
20125035
75740035
86045035
20720035
78150035
26920035
55955035
54045035
20580035
36915035
75690035
36045035
94575035
56930035
41395035
12500035
55645035
40340035
43915035
63375035
66670035
3660035
5730035
1665035
84795035
54665035
47990035
89010035
22770035
54085035
60580035
37090035
53160035
24465035
70080035
55650035
45340035
6900035
85250035
15840035
37635035
5570035
39195035
84095035
46020035
94310035
88225035
27890035
38305035
82980035
17435035
52395035
49585035
5005035
66785035
19895035
43270035
10965035
2120035
45970035
44310035
63315035
6670035
52780035
39525035
19035035
72155035
56585035
91455035
97410035
27745035
90835035
70000035
74415035
44990035
51960035
9645035
64830035
40195035
96445035
50395035
24885035
95020035
8105035
6305035
82840035
74965035
2400035
29675035
45535035
4370035
24375035
78845035
30565035
46650035
32955035
66290035
18720035
53450035
18170035
96040035
40455035
60150035
2150035
75970035
19750035
95800035
96750035
59100035
38565035
46685035
67955035
4715035
73080035
92700035
58465035
94920035
6870035
55250035
40400035
5150035
14255035
32875035
85055035
18370035
98510035
41330035
46265035
43015035
52260035
13350035
16760035
68750035
9595035
14830035
15285035
75225035
64870035
80195035
96620035
27865035
13305035
70525035
6825035
10250035
77240035
5805035
76665035
23395035
86495035
75660035
6045035
20370035
24445035
50080035
6180035
56605035
12690035
48115035
16480035
85045035
8370035
73775035
96345035
49160035
73830035
52580035
37055035
18160035
86040035
15720035
16400035
5045035
8020035
20070035
20740035
98150035
76390035
44690035
48255035
57715035
36275035
28280035
33245035
59995035
44680035
38255035
32980035
91290035
31175035
64060035
60315035
68385035
39655035
50270035
97415035
32745035
53820035
91875035
23585035
78965035
51800035
47175035
64130035
31550035
44000035
49610035
30005035
79240035
30505035
85415035
82075035
1320035
36090035
40810035
20090035
40740035
48855035
65125035
38900035
85390035
57075035
87630035
25480035
97430035
47745035
41540035
58735035
68625035
82125035
51320035
61000035
62030035
5615035
84195035
47255035
45365035
31900035
97705035
26450035
79780035
76680035
38395035
74215035
42520035
51085035
23530035
23965035
63905035
4080035
30670035
52885035
45760035
31840035
37705035
75570035
14810035
94050035
25755035
76135035
85985035
59485035
28505035
60715035
73325035
41405035
22500035
80380035
84090035
41020035
32560035
66350035
78720035
4330035
83140035
78670035
53095035
58230035
57450035
67570035
14775035
59050035
87330035
21775035
46735035
19190035
29625035
94300035
78225035
3155035
93320035
85875035
48250035
52715035
73290035
6405035
84075035
26020035
44840035
725035
33680035
1170035
83620035
64845035
55195035
84165035
17255035
69925035
98180035
7625035
20130035
80740035
49030035
42595035
27320035
60895035
55795035
91575035
19880035
28270035
23245035
35260035
930035
41150035
63795035
91610035
54880035
65460035
77605035
74510035
41225035
40030035
30210035
86710035
93130035
93405035
72110035
11585035
29530035
98065035
90155035
81355035
71440035
32940035
51290035
31000035
86590035
71895035
92880035
40935035
46325035
4250035
3140035
78320035
98155035
81390035
7675035
70130035
6885035
70250035
28120035
70775035
59295035
36035035
84575035
32195035
96410035
15395035
86460035
40660035
67620035
64775035
83960035
9785035
7300035
90190035
17590035
9865035
87300035
90540035
71295035
85470035
38310035
87980035
79185035
74270035
97520035
38980035
66625035
57425035
42570035
2320035
48440035
45185035
49430035
47535035
29070035
33125035
38760035
44155035
7080035
67720035
66010035
35015035
52225035
77115035
78335035
14390035
69110035
73300035
16405035
10045035
69770035
41945035
68675035
33360035
76230035
82220035
47555035
49070035
82595035
27495035
38365035
44215035
67080035
18600035
32215035
17645035
64865035
75195035
34870035
5990035
64135035
36550035
6985035
71485035
77940035
14450035
30345035
24180035
81375035
91440035
82410035
40025035
25210035
24960035
71255035
45470035
38135035
11745035
90765035
6584
